2005 1	0.19	
2005 2	0.22	
2005 3	0.25	
2005 4	0.10	
2005 5	0.04	
2005 6	0.04	
2005 7	0	
2005 8	0	
2005 9	0.00	
2005 10 	0.00	
2005 11	0.06	
2005 12	0.41
2006 1	0.21	
2006 2 	0.10	
2006 3 	0.35	
2006 4	0.23	
2006 5 	0.03	
2006 6	0.00	
2006 8	0	
2006 10 	0.00	
2006 11	0.11	
2006 12	0.15
2007 1	0.03
2007 2	0.21	
2007 3 	0.01	
2007 4	0.05	
2007 5 	0.02	
2007 6 	0.00	
2007 8 	0	
2007 9	0.01
2007 10	0.05	
2007 11	0.02	
2007 12 	0.12
2008 1	0.39
2008 2	0.21	
2008 3 	0.02	
2008 4	0.02
2008 5	0.00	
2008 6	0.00	
2008 7	0.00
2008 8	0.00	
2008 9	0.00	
2008 10	0.03	
2008 11 0.06	
2008 12 0.10
2009 1	0.06
2009 2	0.37	
2009 3 	0.07	
2009 4 	0.01	
2009 5 	0.05	
2009 7	0.00
2009 8	0.00	
2009 9	0.01	
2009 10	0.13	
2009 11 	0.01	
2009 12 0.13
2010 1	0.26
2010 2	0.21
2010 3	0.10	
2010 4	0.15	
2010 5 	0.02	
2010 6 	0.00	
2010 7	0.00	
2010 8	0.00	
2010 9	0.00	
2010 10 	0.10	
2010 11	0.14	
2010 12	0.30	
2011 1	0.07
2012 2	0.03
2012 3 	0.24
2012 4	0.00
2012 5 	0.01	
2012 6 	0.00	
2012 7 	0.00	
2012 8 	0.00	
2012 9 	0.02	
2012 10 	0.19	
2012 11	0.26
2012 12 	0.08
2013 1	0.03
2013 2 	0.01
2013 3 	0.05	
2013 4 	0.03	
2013 5 	0.00	
2013 6 	0.01	
2013 7	0.00	
2013 8	0.00	
2013 9 	0.01	
2013 10 	0.00	
2013 11	0.02	
2013 12 	0.01
2014 1 	0.00
2014 2	0.26	
2014 3 	0.12
2014 4 	0.04	
2014 5 	0.00	
2014 6	0.00	
2014 7 	0.00	
2014 8 	0.00	
2014 9 	0.03	
2014 10 	0.03	
2014 11	0.13	
2014 12	0.37
2015 1	0.00
2015 2 	0.10	
2015 3	0.02	
2015 4 	0.07	
2015 5 	0.00	
2015 6 	0.00	
2015 7  	0.00	
2015 8 	0.00	
2015 9 	0.00	
2015 10 	0.00	
2015 11 	0.15	
2015 12	0.21	
2016 1	0.38
2016 2 	0.04	
2016 3 	0.25	
2016 4 	0.03	
2016 5	0.01	
2016 6 	0.00	
2016 7	0.00	
2016 8 	0.00	
2016 9 	0.00	
2016 10 	0.16	
2016 11	0.09	
2016 12 	0.25
2017 1	0.51	
2017 2 	0.46	
2017 4	0.07
2017 9 	0.00
2018 1	0.17	
2018 2 	0.01	
2018 5 	0.00	
2018 9 	0.00
2019 2	0.39	
2019 3 	0.23	
2019 5	0.14
2020 1	0.11	
2020 2 	0.00	
2020 5 	0.06
2021 1 	0.24
2021 2 	0.04
2021 3	0.04
2021 6	0.00
2021 7	0.00
2021 8	0.00
2021 9	0.00
2021 10	0.19
2021 11	0.02
2021 12	0.32